myfile=  mydata.20201110_1334
            
            
||======================
|| Iteration  1        
||======================
                
======================
Run Set 1
Running STREAM with first touch and OMP_PROC_BIND=close
export OMP_PROC_BIND=close
export OMP_PLACES=threads
======================
threads   Triad 
1     19430.1
2     21786.2
3     32288.7
4     41906.4
5     47809.7
6     52300.8
7     54705.3
8     56111.1
9     56952.4
10     57322.1
11     57584.4
12     57361.3
13     57929.0
14     57581.1
15     57772.8
16     57829.2
17     58123.0
18     58197.0
19     58012.5
20     58086.1
21     58012.5
22     57746.3
23     57676.8
24     57594.3
25     57331.9
26     57198.3
27     57033.0
28     56994.3
29     56833.4
30     56698.9
31     56523.8
32     56378.2
33     58250.9
34     60119.0
35     61790.7
36     63390.0
37     65162.7
38     66948.2
39     68749.7
40     70631.0
41     72051.6
42     73892.2
43     75590.1
44     77492.9
45     79181.4
46     80945.1
47     82959.7
48     84477.4
49     86361.8
50     87915.5
51     89550.1
52     91221.8
53     93206.8
54     94831.2
55     96735.8
56     98323.2
57     99963.6
58     101741.8
59     103894.4
60     104934.1
61     107282.6
62     108943.0
63     110400.6
64     111997.4
                    
======================
Run Set 2
Running STREAM without first touch and OMP_PROC_BIND=close
export OMP_PROC_BIND=close
export OMP_PLACES=threads
======================
threads   Triad
1     19431.6
2     21752.8
3     31262.9
4     41922.1
5     47572.4
6     52184.2
7     54359.7
8     55759.9
9     56245.9
10     56740.5
11     57182.1
12     57075.1
13     57567.9
14     57719.8
15     57999.1
16     57594.3
17     57945.7
18     57736.3
19     57859.1
20     57829.2
21     57706.5
22     57663.6
23     57567.9
24     57430.0
25     57279.7
26     57143.1
27     57113.9
28     56778.9
29     56698.9
30     56469.9
31     56444.6
32     56324.6
33     56926.6
34     57498.9
35     57999.1
36     58419.9
37     59026.2
38     59535.9
39     59907.9
40     60137.0
41     60226.9
42     60270.2
43     60015.1
44     59716.0
45     59391.9
46     58953.6
47     58624.0
48     58678.7
49     58477.6
50     58056.0
51     58082.8
52     57733.0
53     57719.8
54     57581.1
55     57525.2
56     57430.0
57     57292.7
58     57075.1
59     56711.7
60     56154.9
61     55630.4
62     55376.4
63     54920.2
64     54495.1
                    
======================
Running STREAM with first touch and OMP_PROC_BIND=spread
export OMP_PROC_BIND=spread
export OMP_PLACES=threads
======================
threads   Triad 
1     19644.7
2     37635.4
3     58126.4
4     73665.1
5     82167.4
6     96735.8
7     93198.1
8     106285.8
9     99874.3
10     109583.4
11     105120.4
12     113270.3
13     105406.6
14     113525.8
15     106196.1
16     114729.1
17     108158.7
18     115998.3
19     110340.1
20     115891.4
21     110655.5
22     115611.9
23     110960.4
24     115838.1
25     111997.4
26     115931.5
27     111624.9
28     115931.5
29     111935.2
30     115931.5
31     112360.0
32     115492.5
33     105727.7
34     109084.6
35     108990.1
36     111786.0
37     111009.4
38     113743.8
39     111674.4
40     114403.1
41     112047.3
42     114676.8
43     112247.2
44     114507.2
45     112097.2
46     114611.5
47     112047.3
48     114442.1
49     111947.6
50     114234.3
51     111624.9
52     113962.7
53     111786.0
54     113641.1
55     111686.8
56     113372.3
57     111365.5
58     113104.8
59     110752.9
60     112889.2
61     110497.6
62     112360.0
63     110655.5
64     112197.2
            
            
||======================
|| Iteration  2        
||======================
                
======================
Run Set 1
Running STREAM with first touch and OMP_PROC_BIND=close
export OMP_PROC_BIND=close
export OMP_PLACES=threads
======================
threads   Triad 
1     19423.7
2     21798.5
3     31165.1
4     41899.4
5     47570.2
6     52276.3
7     54770.8
8     56245.9
9     56606.5
10     57472.6
11     57680.1
12     57607.5
13     57637.2
14     57706.5
15     57872.4
16     57806.0
17     58223.9
18     58096.2
19     58082.8
20     58069.4
21     57845.8
22     57789.4
23     57676.8
24     57733.0
25     57318.8
26     57322.1
27     57198.3
28     57058.9
29     56994.3
30     56670.2
31     56791.7
32     56495.3
33     58180.2
34     60047.3
35     61696.1
36     63574.1
37     65145.8
38     67059.7
39     68726.2
40     70546.8
41     72180.8
42     74077.0
43     75926.5
44     77546.6
45     79393.7
46     81108.1
47     82843.6
48     84569.7
49     86236.0
50     88038.6
51     89717.7
52     91637.0
53     93198.1
54     95082.0
55     96810.2
56     98563.9
57     100372.2
58     101865.3
59     103361.0
60     105495.0
61     107191.2
62     109049.2
63     110655.5
64     112097.2
                    
======================
Run Set 2
Running STREAM without first touch and OMP_PROC_BIND=close
export OMP_PROC_BIND=close
export OMP_PLACES=threads
======================
threads   Triad
1     19523.5
2     21804.6
3     32129.0
4     40928.4
5     47505.1
6     52140.9
7     54248.4
8     55596.7
9     56126.7
10     57309.0
11     57650.4
12     57885.7
13     57859.1
14     58237.4
15     58113.0
16     58042.6
17     58335.2
18     58082.8
19     58136.5
20     58099.6
21     57972.4
22     57859.1
23     57719.8
24     57498.9
25     57446.4
26     57292.7
27     57130.1
28     56994.3
29     56820.6
30     56724.5
31     56644.7
32     56457.3
33     57169.1
34     57719.8
35     58153.3
36     58637.7
37     59349.9
38     59581.7
39     60000.8
40     60223.3
41     60349.7
42     60317.2
43     60015.1
44     59716.0
45     59391.9
46     59112.9
47     58926.0
48     58637.7
49     58538.8
50     58210.4
51     58056.0
52     57915.7
53     57706.5
54     57624.0
55     57512.0
56     57430.0
57     57390.7
58     57104.2
59     56778.9
60     55995.6
61     55658.1
62     55224.5
63     54956.2
64     54568.9
                    
======================
Running STREAM with first touch and OMP_PROC_BIND=spread
export OMP_PROC_BIND=spread
export OMP_PLACES=threads
======================
threads   Triad 
1     19411.3
2     37594.6
3     55437.4
4     71682.2
5     78514.4
6     97127.8
7     95117.9
8     106375.7
9     100462.4
10     110303.9
11     102560.7
12     113041.3
13     106330.7
14     113257.5
15     105961.4
16     115162.2
17     108649.0
18     115492.5
19     109834.5
20     115162.2
21     109942.4
22     116172.3
23     111058.4
24     116333.4
25     111316.3
26     115931.5
27     111736.4
28     115891.4
29     111997.4
30     116226.0
31     111947.6
32     115824.8
33     105950.2
34     109037.4
35     109191.1
36     112097.2
37     110862.7
38     114014.4
39     111624.9
40     114403.1
41     111835.7
42     114494.2
43     112097.2
44     114559.3
45     112147.2
46     114676.8
47     112147.2
48     114716.0
49     111885.4
50     114390.1
51     112097.2
52     114234.3
53     111985.0
54     114169.6
55     111885.4
56     113577.0
57     111575.4
58     113525.8
59     110960.4
60     113206.6
61     111058.4
62     112624.0
63     110243.5
64     112259.7
            
            
||======================
|| Iteration  3        
||======================
                
======================
Run Set 1
Running STREAM with first touch and OMP_PROC_BIND=close
export OMP_PROC_BIND=close
export OMP_PLACES=threads
======================
threads   Triad 
1     19411.0
2     21947.7
3     32184.4
4     41920.3
5     47896.1
6     52689.5
7     54669.7
8     56644.7
9     57485.7
10     57472.6
11     58183.5
12     57902.4
13     58365.7
14     58069.4
15     58606.9
16     58210.4
17     58436.8
18     58294.7
19     58183.5
20     58193.6
21     58042.6
22     58039.3
23     57875.8
24     57776.1
25     57746.3
26     57430.0
27     57305.8
28     57237.3
29     56952.4
30     56804.5
31     56750.1
32     56577.8
33     58281.2
34     60015.1
35     61809.7
36     63674.7
37     65234.5
38     67117.8
39     68867.3
40     70462.9
41     72378.0
42     74055.2
43     75852.1
44     77642.3
45     79443.8
46     81108.1
47     82993.9
48     84626.6
49     86517.7
50     88270.2
51     89757.7
52     91678.8
53     93172.2
54     95010.2
55     96773.0
56     98525.3
57     100043.0
58     101999.5
59     103765.9
60     105219.3
61     107191.2
62     108990.1
63     110752.9
64     112573.6
                    
======================
Run Set 2
Running STREAM without first touch and OMP_PROC_BIND=close
export OMP_PROC_BIND=close
export OMP_PLACES=threads
======================
threads   Triad
1     19616.0
2     21852.0
3     31637.2
4     40913.4
5     47658.0
6     52254.6
7     54645.9
8     56098.6
9     56337.2
10     56766.1
11     57185.3
12     57693.3
13     57829.2
14     57693.3
15     57802.6
16     58056.0
17     58250.9
18     57999.1
19     58096.2
20     58113.0
21     57999.1
22     57945.7
23     57819.2
24     57610.8
25     57430.0
26     57279.7
27     57292.7
28     57143.1
29     56888.0
30     56686.2
31     56644.7
32     56523.8
33     56965.3
34     57680.1
35     58069.4
36     58867.4
37     59185.9
38     59687.7
39     59997.2
40     60208.9
41     60346.1
42     60119.0
43     59954.3
44     59641.7
45     59363.9
46     59085.1
47     58867.4
48     58665.0
49     58494.6
50     58180.2
51     58082.8
52     57969.1
53     57706.5
54     57554.8
55     57554.8
56     57469.3
57     57266.6
58     57117.2
59     56577.8
60     56151.8
61     55621.2
62     55236.7
63     54908.3
64     54471.5
                    
======================
Running STREAM with first touch and OMP_PROC_BIND=spread
export OMP_PROC_BIND=spread
export OMP_PLACES=threads
======================
threads   Triad 
1     19790.3
2     38400.6
3     55933.4
4     73396.5
5     82558.3
6     95469.7
7     94183.5
8     107088.6
9     101444.4
10     110594.7
11     103808.7
12     114403.1
13     106006.0
14     116400.7
15     108158.7
16     115771.5
17     109037.4
18     115878.1
19     110340.1
20     116616.4
21     111525.9
22     116508.4
23     111686.8
24     116105.3
25     112259.7
26     116387.2
27     112197.2
28     116172.3
29     112147.2
30     116051.8
31     112460.4
32     115944.8
33     105539.2
34     109690.9
35     109392.8
36     112573.6
37     111427.2
38     114117.8
39     112097.2
40     114833.8
41     112523.2
42     115109.5
43     112674.4
44     115162.2
45     112561.0
46     114899.3
47     112360.0
48     114716.0
49     112460.4
50     114507.2
51     112147.2
52     114507.2
53     112147.2
54     114234.3
55     112047.3
56     113577.0
57     111377.8
58     113423.4
59     111427.2
60     113041.3
61     110899.3
62     112724.9
63     110497.6
64     112097.2
            
            
||======================
|| Iteration  4        
||======================
                
======================
Run Set 1
Running STREAM with first touch and OMP_PROC_BIND=close
export OMP_PROC_BIND=close
export OMP_PLACES=threads
======================
threads   Triad 
1     19599.9
2     21806.1
3     32193.7
4     41993.8
5     47837.0
6     52390.6
7     54794.7
8     56444.6
9     57485.7
10     57525.2
11     58180.2
12     57915.7
13     58392.8
14     57889.1
15     58494.6
16     58056.0
17     58382.6
18     58294.7
19     58308.2
20     58082.8
21     58197.0
22     57915.7
23     57776.1
24     57680.1
25     57637.2
26     57456.2
27     57292.7
28     57130.1
29     57007.2
30     56778.9
31     56775.7
32     56498.5
33     58321.7
34     60076.0
35     61779.4
36     63594.2
37     65340.3
38     67077.6
39     68966.4
40     70631.0
41     72118.7
42     74279.3
43     76023.9
44     77546.6
45     79343.7
46     81383.5
47     82850.4
48     84926.4
49     86458.2
50     88270.2
51     90022.6
52     91354.3
53     93423.0
54     94974.3
55     96578.0
56     98486.7
57     100082.8
58     102123.7
59     103755.2
60     105550.3
61     107420.0
62     108742.9
63     110899.3
64     112309.8
                    
======================
Run Set 2
Running STREAM without first touch and OMP_PROC_BIND=close
export OMP_PROC_BIND=close
export OMP_PLACES=threads
======================
threads   Triad
1     19620.6
2     21965.9
3     32133.1
4     41915.1
5     47599.4
6     52162.6
7     54607.4
8     56299.4
9     56390.8
10     56561.9
11     57594.3
12     57525.2
13     57955.7
14     57624.0
15     57806.0
16     58109.6
17     57999.1
18     57885.7
19     57915.7
20     57929.0
21     57832.5
22     57832.5
23     57663.6
24     57525.2
25     57554.8
26     57250.4
27     57143.1
28     56991.1
29     56843.0
30     56737.3
31     56619.2
32     56419.3
33     56952.4
34     57554.8
35     58025.9
36     58651.3
37     59085.1
38     59747.9
39     59897.2
40     60360.6
41     60407.6
42     60047.3
43     59879.4
44     59567.6
45     59465.6
46     59008.9
47     58781.5
48     58450.4
49     58382.6
50     58197.0
51     58096.2
52     57872.4
53     57859.1
54     57663.6
55     57624.0
56     57400.5
57     57387.4
58     57195.1
59     56644.7
60     56114.2
61     55787.7
62     55212.4
63     54857.4
64     54456.7
                    
======================
Running STREAM with first touch and OMP_PROC_BIND=spread
export OMP_PROC_BIND=spread
export OMP_PLACES=threads
======================
threads   Triad 
1     19591.5
2     39499.0
3     55569.0
4     78148.7
5     81581.4
6     96894.1
7     95924.6
8     107385.6
9     99824.8
10     111835.7
11     104034.0
12     113423.4
13     105683.3
14     114716.0
15     108205.2
16     115492.5
17     109738.7
18     115267.7
19     110086.7
20     116158.9
21     110752.9
22     115878.1
23     111835.7
24     116051.8
25     112147.2
26     115944.8
27     112247.2
28     115558.8
29     112147.2
30     116105.3
31     112724.9
32     115611.9
33     105872.2
34     108884.0
35     108990.1
36     112510.7
37     111217.9
38     114014.4
39     111885.4
40     114676.8
41     112247.2
42     114624.6
43     112259.7
44     114768.3
45     112624.0
46     114781.4
47     112259.7
48     114624.6
49     112309.8
50     114494.2
51     112197.2
52     114182.5
53     112159.7
54     113756.7
55     111997.4
56     113743.8
57     111624.9
58     113423.4
59     111168.7
60     113104.8
61     110960.4
62     112473.0
63     110899.3
64     112360.0
            
            
||======================
|| Iteration  5        
||======================
                
======================
Run Set 1
Running STREAM with first touch and OMP_PROC_BIND=close
export OMP_PROC_BIND=close
export OMP_PLACES=threads
======================
threads   Triad 
1     19841.0
2     21905.7
3     32301.1
4     41922.1
5     47837.0
6     52480.7
7     54932.2
8     56378.2
9     57143.1
10     57610.8
11     57985.8
12     58139.8
13     58477.6
14     58056.0
15     58450.4
16     58025.9
17     58396.2
18     58338.6
19     58379.2
20     58223.9
21     58139.8
22     57915.7
23     57929.0
24     57859.1
25     57541.6
26     57416.9
27     57185.3
28     57075.1
29     56897.6
30     56875.1
31     56804.5
32     56616.0
33     58338.6
34     60043.7
35     61696.1
36     63626.4
37     65536.0
38     67095.4
39     68848.4
40     70339.8
41     72576.3
42     74093.4
43     75874.9
44     77648.3
45     79262.4
46     80971.1
47     83131.0
48     84505.8
49     86177.0
50     87877.2
51     89725.7
52     91637.0
53     93163.6
54     94938.5
55     96698.7
56     98602.5
57     100372.2
58     101906.6
59     103723.1
60     105395.6
61     107374.2
62     109286.0
63     110655.5
64     112422.7
                    
======================
Run Set 2
Running STREAM without first touch and OMP_PROC_BIND=close
export OMP_PROC_BIND=close
export OMP_PLACES=threads
======================
threads   Triad
1     19746.8
2     22002.4
3     32244.2
4     40207.4
5     47637.7
6     52333.4
7     54857.4
8     56036.1
9     56577.8
10     57538.3
11     57538.3
12     57335.1
13     57985.8
14     58096.2
15     57885.7
16     58096.2
17     58267.7
18     58170.1
19     58139.8
20     58052.7
21     58056.0
22     57929.0
23     57719.8
24     57597.6
25     57459.5
26     57348.2
27     57156.1
28     57198.3
29     56913.7
30     56762.9
31     56577.8
32     56523.8
33     56994.3
34     57832.5
35     58267.7
36     58552.4
37     59259.0
38     59730.2
39     59865.2
40     60226.9
41     60180.1
42     60288.3
43     60029.4
44     59836.7
45     59507.7
46     59071.2
47     58922.6
48     58504.8
49     58464.0
50     58294.7
51     58069.4
52     57985.8
53     57789.4
54     57680.1
55     57554.8
56     57459.5
57     57348.2
58     57104.2
59     56565.1
60     56245.9
61     55750.6
62     55236.7
63     54818.5
64     54483.3
                    
======================
Running STREAM with first touch and OMP_PROC_BIND=spread
export OMP_PROC_BIND=spread
export OMP_PLACES=threads
======================
threads   Triad 
1     19859.4
2     39907.7
3     55735.2
4     74071.6
5     80595.1
6     95542.2
7     94227.6
8     107626.7
9     100332.2
10     108205.2
11     103446.0
12     114014.4
13     107043.1
14     113743.8
15     108019.4
16     115771.5
17     109488.0
18     115838.1
19     110546.1
20     116724.6
21     111575.4
22     115492.5
23     111835.7
24     116158.9
25     111464.2
26     116279.7
27     112473.0
28     116279.7
29     112097.2
30     115998.3
31     112611.4
32     115824.8
33     106006.0
34     109297.8
35     109297.8
36     112360.0
37     111156.5
38     114234.3
39     111935.2
40     114886.2
41     111947.6
42     114886.2
43     111997.4
44     114781.4
45     112309.8
46     114716.0
47     112097.2
48     114676.8
49     112247.2
50     114442.1
51     112197.2
52     114117.8
53     111835.7
54     113911.2
55     111525.9
56     113321.3
57     111365.5
58     113206.6
59     111107.4
60     112876.5
61     111009.4
62     112523.2
63     110594.7
64     112624.0
